4 0.474453 0.890417 0.375781 0.058611
3 0.474453 0.839167 0.354219 0.023889
2 0.365625 0.776389 0.157812 0.022778
1 0.576406 0.811111 0.159063 0.025000
2 0.364531 0.780972 0.163750 0.024167
17 0.474219 0.518056 0.023438 0.019444
14 0.485938 0.526389 0.028125 0.036111
14 0.480469 0.555556 0.010937 0.016667
14 0.506250 0.552778 0.021875 0.016667
14 0.514844 0.656944 0.035937 0.058333
14 0.490625 0.641667 0.021875 0.016667
19 0.504687 0.009722 0.015625 0.019444
20 0.973437 0.051389 0.031250 0.030556
20 0.414062 0.733333 0.059375 0.033333