4 0.474922 0.895312 0.380469 0.058958
3 0.473359 0.844479 0.362969 0.022292
2 0.367031 0.790417 0.155313 0.019167
0 0.367656 0.816146 0.151250 0.023125
1 0.575625 0.819896 0.160938 0.021458
12 0.200078 0.172813 0.180156 0.320625
14 0.079687 0.008333 0.040625 0.004167
14 0.118750 0.100000 0.015625 0.166667
14 0.276562 0.066667 0.003125 0.033333
14 0.276562 0.183333 0.003125 0.066667
14 0.346875 0.344792 0.103125 0.010417
14 0.539062 0.343750 0.125000 0.008333
14 0.637500 0.344792 0.021875 0.010417
14 0.437500 0.346875 0.071875 0.002083
14 0.510156 0.495833 0.004687 0.020833
14 0.517188 0.511458 0.015625 0.018750
14 0.482812 0.510417 0.015625 0.012500
14 0.354687 0.654167 0.109375 0.008333
14 0.550781 0.653125 0.198437 0.002083
20 0.973437 0.050000 0.031250 0.033333
20 0.374219 0.711458 0.142187 0.077083
20 0.122656 0.737500 0.014063 0.025000
20 0.025000 0.741667 0.050000 0.016667