4 0.526563 0.895139 0.482500 0.061389
3 0.510313 0.840000 0.435625 0.028333
17 0.189062 0.245833 0.012500 0.025000
17 0.576562 0.466667 0.100000 0.027778
17 0.676562 0.466667 0.078125 0.027778
14 0.727344 0.430556 0.020313 0.011111
14 0.508594 0.555556 0.020313 0.005556
14 0.789062 0.602778 0.012500 0.044444
14 0.508594 0.604167 0.014063 0.030556
14 0.540625 0.741667 0.009375 0.016667
14 0.572656 0.741667 0.029687 0.016667
14 0.607031 0.741667 0.032813 0.016667
14 0.641406 0.741667 0.014063 0.016667
14 0.660937 0.745833 0.021875 0.008333
14 0.693750 0.745833 0.034375 0.008333
19 0.510938 0.236111 0.018750 0.027778
19 0.584375 0.252778 0.053125 0.061111
19 0.131250 0.340278 0.021875 0.030556
19 0.560937 0.340278 0.015625 0.013889
19 0.107813 0.540278 0.015625 0.013889
13 0.403906 0.255556 0.017188 0.027778
13 0.253906 0.341667 0.023438 0.050000
13 0.313281 0.329167 0.026562 0.019444
13 0.200000 0.347222 0.018750 0.027778
13 0.900781 0.362500 0.023438 0.041667
13 0.254688 0.438889 0.028125 0.055556
13 0.125000 0.431944 0.018750 0.025000
13 0.107813 0.545833 0.021875 0.030556
13 0.137500 0.541667 0.015625 0.027778
13 0.228906 0.640278 0.001563 0.080556
13 0.119531 0.658333 0.020313 0.027778
13 0.828125 0.675000 0.028125 0.050000
13 0.787500 0.741667 0.018750 0.016667
20 0.903125 0.495833 0.031250 0.030556