4 0.475391 0.894028 0.374844 0.059722
0 0.369297 0.814028 0.152656 0.025833
3 0.468750 0.842361 0.342500 0.024722
1 0.574766 0.812917 0.168594 0.026389
2 0.368047 0.784444 0.157031 0.024444
17 0.486719 0.400000 0.023438 0.022222
17 0.516406 0.565278 0.020313 0.013889
14 0.485156 0.393056 0.039062 0.041667
14 0.499219 0.416667 0.020313 0.022222
14 0.529687 0.472222 0.012500 0.011111
14 0.496094 0.480556 0.014063 0.011111
14 0.482812 0.504167 0.025000 0.019444
14 0.514844 0.506944 0.014063 0.019444
14 0.459375 0.525000 0.012500 0.011111
14 0.500781 0.529167 0.020313 0.019444
14 0.514844 0.562500 0.035937 0.025000
14 0.472656 0.566667 0.010937 0.011111
20 0.973437 0.051389 0.031250 0.030556
20 0.446094 0.704167 0.007812 0.091667