4 0.473984 0.895729 0.380781 0.058542
3 0.473438 0.845729 0.362187 0.022292
2 0.366563 0.790729 0.154688 0.018958
1 0.574922 0.820104 0.162031 0.021458
0 0.367891 0.816667 0.152656 0.022500
14 0.817187 0.072917 0.015625 0.054167
14 0.913281 0.109375 0.020313 0.010417
14 0.728125 0.181250 0.025000 0.041667
14 0.719531 0.192708 0.004687 0.018750
14 0.842969 0.273958 0.032813 0.014583
14 0.760156 0.354167 0.010937 0.041667
14 0.799219 0.378125 0.048438 0.002083
14 0.889062 0.675000 0.150000 0.150000
20 0.973437 0.050000 0.031250 0.033333
20 0.351562 0.692708 0.015625 0.014583
20 0.238281 0.725000 0.176563 0.050000
20 0.063281 0.734375 0.126562 0.031250