4 0.159635 0.298056 0.124375 0.020000
3 0.160521 0.281389 0.113542 0.007963
1 0.192813 0.271065 0.054271 0.008611
0 0.123906 0.271343 0.050729 0.008611
2 0.124089 0.261806 0.049531 0.007315
21 0.120052 0.226389 0.108854 0.047222
21 0.297917 0.200463 0.070833 0.099074
22 0.093229 0.181019 0.186458 0.137963
23 0.123698 0.205093 0.125521 0.062037
28 0.100781 0.231944 0.069271 0.036111
30 0.228385 0.150926 0.209896 0.072222
29 0.273438 0.156944 0.025000 0.034259
31 0.273438 0.156944 0.025000 0.034259