4 0.474922 0.890417 0.374531 0.059167
3 0.471406 0.839444 0.345937 0.023889
2 0.367734 0.778750 0.154844 0.025278
0 0.370625 0.810972 0.154062 0.025833
1 0.577734 0.809722 0.159844 0.030556
14 0.484375 0.137500 0.012500 0.025000
14 0.570312 0.259722 0.006250 0.030556
14 0.535156 0.288889 0.026562 0.061111
14 0.542188 0.272222 0.012500 0.033333
14 0.725000 0.297222 0.031250 0.055556
14 0.554688 0.287500 0.012500 0.030556
14 0.664844 0.338889 0.060937 0.111111
14 0.510156 0.315278 0.010937 0.013889
14 0.750781 0.325000 0.017188 0.038889
14 0.710156 0.344444 0.023438 0.066667
14 0.628125 0.376389 0.006250 0.030556
14 0.494531 0.695833 0.029687 0.108333
14 0.508594 0.670833 0.007812 0.058333
14 0.528906 0.687500 0.017188 0.091667
14 0.465625 0.708333 0.021875 0.066667
14 0.542969 0.688889 0.007812 0.022222
14 0.557813 0.709722 0.025000 0.058333
13 0.513281 0.273611 0.017188 0.019444
20 0.973437 0.051389 0.031250 0.030556
50 0.350000 0.330000 0.220000 0.500000