4 0.475469 0.895729 0.382188 0.059375
3 0.476094 0.845833 0.364063 0.020833
1 0.575313 0.820833 0.166563 0.020417
2 0.367500 0.790417 0.154375 0.019167
1 0.723125 0.044792 0.181250 0.017500
0 0.368750 0.816875 0.154063 0.022917
14 0.712500 0.080208 0.075000 0.002083
14 0.741406 0.184375 0.070312 0.002083
14 0.473438 0.448958 0.003125 0.068750
14 0.517188 0.502083 0.018750 0.037500
14 0.492969 0.511458 0.017188 0.018750
14 0.920312 0.572917 0.003125 0.087500
14 0.499219 0.636458 0.048438 0.002083
14 0.950781 0.636458 0.048438 0.002083
20 0.973437 0.050000 0.031250 0.033333
20 0.417969 0.679167 0.026562 0.008333
20 0.444531 0.688542 0.010937 0.022917
20 0.343750 0.695833 0.012500 0.008333
20 0.162500 0.732292 0.100000 0.035417
20 0.287500 0.725000 0.025000 0.016667
20 0.356250 0.733333 0.037500 0.033333
20 0.017188 0.735417 0.034375 0.029167