4 0.475547 0.890139 0.376406 0.060278
3 0.472969 0.838889 0.348750 0.025000
2 0.368672 0.778194 0.157344 0.025278
0 0.371172 0.811111 0.155469 0.025556
1 0.576797 0.807361 0.166406 0.029722
4 0.240625 0.743056 0.468750 0.102778
2 0.372422 0.782083 0.149219 0.023056
17 0.441406 0.518056 0.023438 0.030556
14 0.449219 0.520833 0.045312 0.041667
14 0.476562 0.611111 0.028125 0.055556
14 0.456250 0.597222 0.018750 0.016667
19 0.241406 0.058333 0.035937 0.105556
19 0.264062 0.106944 0.009375 0.030556
19 0.452344 0.126389 0.017188 0.025000
19 0.264844 0.570833 0.029687 0.019444
19 0.281250 0.595833 0.015625 0.052778
19 0.253125 0.605556 0.021875 0.027778
20 0.973437 0.051389 0.031250 0.030556
20 0.887500 0.597222 0.015625 0.022222
20 0.880469 0.604167 0.023438 0.019444
20 0.353906 0.702778 0.195312 0.094444
20 0.969531 0.698611 0.026562 0.041667
20 0.084375 0.731944 0.168750 0.036111