4 0.474062 0.895521 0.380000 0.058542
3 0.472813 0.845938 0.360312 0.021875
1 0.573438 0.820937 0.162500 0.020625
2 0.368203 0.790104 0.155469 0.018542
0 0.368672 0.816146 0.154219 0.023125
14 0.499219 0.388542 0.048438 0.027083
14 0.513281 0.456250 0.010937 0.012500
14 0.496875 0.459375 0.015625 0.010417
14 0.507812 0.472917 0.015625 0.012500
14 0.514844 0.490625 0.020313 0.018750
14 0.837500 0.662500 0.043750 0.095833
14 0.845313 0.713542 0.009375 0.018750
19 0.353906 0.007292 0.020313 0.014583
19 0.506250 0.012500 0.012500 0.025000
19 0.664062 0.054167 0.006250 0.037500
19 0.775000 0.065625 0.009375 0.018750
19 0.849219 0.065625 0.010937 0.018750
19 0.881250 0.061458 0.018750 0.010417
19 0.920312 0.065625 0.021875 0.018750
19 0.949219 0.065625 0.010937 0.018750
19 0.358594 0.334375 0.029687 0.056250
13 0.357031 0.273958 0.010937 0.022917
20 0.823438 0.067708 0.350000 0.110417
20 0.426563 0.704167 0.053125 0.091667
20 0.331250 0.716667 0.090625 0.066667
20 0.254688 0.727083 0.015625 0.045833
20 0.085156 0.732292 0.170313 0.035417
9 0.375000 0.110000 0.090000 0.220000
9 0.585000 0.090000 0.070000 0.180000
9 0.250000 0.280000 0.100000 0.200000