4 0.474453 0.890000 0.375781 0.060556
3 0.472188 0.838750 0.349688 0.024167
2 0.367344 0.779306 0.155313 0.023611
0 0.370312 0.811389 0.153438 0.025556
12 0.138437 0.345278 0.276875 0.482778
1 0.575000 0.809583 0.165625 0.026389
14 0.749219 0.445833 0.014063 0.041667
14 0.727344 0.465278 0.014063 0.041667
14 0.626563 0.488889 0.025000 0.061111
14 0.778125 0.484722 0.006250 0.030556
14 0.697656 0.529167 0.010937 0.025000
14 0.734375 0.536111 0.012500 0.027778
14 0.592969 0.572222 0.051562 0.044444
20 0.973437 0.051389 0.031250 0.030556
20 0.410938 0.677778 0.025000 0.011111
20 0.320312 0.718056 0.093750 0.063889
20 0.241406 0.708333 0.017188 0.016667
20 0.189844 0.729167 0.051562 0.041667
20 0.447656 0.729167 0.007812 0.041667
20 0.078906 0.730556 0.157812 0.038889
20 0.258594 0.744444 0.017188 0.011111
51 0.530000 0.175000 0.180000 0.250000