4 0.475234 0.890278 0.373906 0.058889
3 0.472266 0.839167 0.345781 0.024444
1 0.571797 0.808611 0.162344 0.027222
2 0.368438 0.778333 0.157188 0.025556
0 0.371016 0.810556 0.154844 0.026667
14 0.585938 0.509722 0.028125 0.052778
14 0.542969 0.512500 0.014063 0.036111
14 0.746094 0.606944 0.045312 0.063889
14 0.802344 0.586111 0.017188 0.027778
14 0.697656 0.612500 0.032813 0.063889
14 0.409375 0.604167 0.009375 0.025000
14 0.435156 0.615278 0.010937 0.030556
14 0.278906 0.626389 0.010937 0.013889
14 0.368750 0.630556 0.012500 0.027778
14 0.424219 0.647222 0.010937 0.022222
14 0.339062 0.655556 0.015625 0.033333
14 0.369531 0.656944 0.014063 0.019444
14 0.267188 0.663889 0.015625 0.022222
14 0.724219 0.663889 0.014063 0.027778
14 0.298438 0.668056 0.012500 0.019444
14 0.750781 0.663889 0.007812 0.016667
14 0.782031 0.709722 0.020313 0.030556
19 0.075781 0.086111 0.010937 0.016667
20 0.973437 0.051389 0.031250 0.030556
9 0.090000 0.135000 0.120000 0.170000