4 0.474766 0.888750 0.373594 0.061944
3 0.473984 0.837778 0.350781 0.023889
2 0.367891 0.778056 0.153594 0.025556
1 0.571094 0.807778 0.161562 0.028889
0 0.370078 0.810972 0.152969 0.025833
12 0.285938 0.217361 0.297500 0.434722
4 0.233438 0.745139 0.456875 0.104167
17 0.885938 0.354167 0.084375 0.102778
17 0.904687 0.502778 0.068750 0.072222
14 0.570312 0.070833 0.021875 0.058333
14 0.628125 0.108333 0.015625 0.027778
14 0.544531 0.154167 0.007812 0.047222
14 0.591406 0.234722 0.035937 0.108333
14 0.553125 0.255556 0.006250 0.044444
14 0.921875 0.316667 0.015625 0.027778
14 0.837500 0.397222 0.090625 0.183333
14 0.544531 0.351389 0.004687 0.030556
14 0.900781 0.370833 0.014063 0.030556
14 0.575781 0.395833 0.007812 0.047222
14 0.603906 0.461111 0.042188 0.150000
14 0.927344 0.487500 0.020313 0.041667
14 0.886719 0.501389 0.010937 0.019444
14 0.878125 0.526389 0.012500 0.025000
14 0.783594 0.676389 0.032813 0.041667
20 0.973437 0.051389 0.031250 0.030556
20 0.056250 0.741667 0.012500 0.016667
20 0.294531 0.741667 0.010937 0.016667
20 0.007812 0.745833 0.015625 0.008333
20 0.116406 0.744444 0.017188 0.011111