3 0.473125 0.845937 0.362812 0.022292
4 0.473906 0.895625 0.380312 0.058333
2 0.367188 0.790937 0.156250 0.019792
0 0.368281 0.816458 0.152500 0.022917
1 0.575859 0.820104 0.160781 0.021042
14 0.576562 0.372917 0.003125 0.058333
14 0.693750 0.411458 0.015625 0.010417
14 0.686719 0.458333 0.010937 0.012500
14 0.702344 0.457292 0.010937 0.010417
14 0.532031 0.459375 0.029687 0.010417
14 0.725000 0.554167 0.006250 0.058333
14 0.729688 0.562500 0.015625 0.075000
14 0.735938 0.613542 0.025000 0.060417
14 0.889062 0.675000 0.150000 0.150000
14 0.524219 0.641667 0.023438 0.008333
14 0.661719 0.643750 0.035937 0.012500
14 0.605469 0.705208 0.035937 0.002083
20 0.973437 0.050000 0.031250 0.033333