4 0.474453 0.889861 0.376719 0.059722
3 0.471172 0.838889 0.347656 0.023889
2 0.367500 0.776528 0.155938 0.024722
1 0.575469 0.809722 0.157500 0.025556
2 0.369297 0.781250 0.155156 0.025278
0 0.370937 0.810972 0.155625 0.025833
12 0.574453 0.165833 0.184844 0.331667
17 0.458594 0.338889 0.045312 0.022222
17 0.474219 0.363889 0.029687 0.011111
17 0.456250 0.391667 0.021875 0.011111
17 0.504687 0.391667 0.031250 0.011111
17 0.529687 0.434722 0.012500 0.013889
17 0.443750 0.508333 0.012500 0.016667
17 0.465625 0.570833 0.021875 0.013889
17 0.515625 0.570833 0.012500 0.013889
17 0.428906 0.595833 0.010937 0.013889
17 0.523438 0.650000 0.031250 0.022222
14 0.466406 0.352778 0.067187 0.050000
14 0.528125 0.334722 0.018750 0.008333
14 0.556250 0.373611 0.012500 0.008333
14 0.455469 0.395833 0.023438 0.019444
14 0.509375 0.395833 0.043750 0.019444
14 0.487500 0.422222 0.025000 0.011111
14 0.426563 0.433333 0.025000 0.011111
14 0.443750 0.509722 0.012500 0.019444
14 0.548438 0.511111 0.025000 0.016667
14 0.486719 0.525000 0.023438 0.016667
14 0.465625 0.562500 0.043750 0.030556
14 0.521094 0.563889 0.023438 0.027778
14 0.425000 0.595833 0.021875 0.013889
14 0.499219 0.604167 0.042188 0.025000
14 0.452344 0.620833 0.010937 0.013889
14 0.519531 0.645833 0.060937 0.036111
14 0.450781 0.655556 0.020313 0.011111
20 0.973437 0.051389 0.031250 0.030556
20 0.862500 0.620833 0.015625 0.013889