4 0.473047 0.895208 0.380156 0.058333
3 0.471250 0.845833 0.359375 0.021667
2 0.368906 0.790417 0.157813 0.019167
1 0.573047 0.821250 0.162031 0.020833
0 0.369297 0.816771 0.154219 0.022708
14 0.366406 0.061458 0.039062 0.010417
14 0.374219 0.159375 0.010937 0.014583
14 0.426563 0.171875 0.003125 0.022917
14 0.499219 0.392708 0.048438 0.035417
14 0.496094 0.459375 0.014063 0.010417
14 0.507812 0.473958 0.015625 0.010417
14 0.515625 0.490625 0.018750 0.018750
14 0.837500 0.662500 0.043750 0.095833
14 0.849219 0.704167 0.004687 0.025000
19 0.353906 0.007292 0.020313 0.014583
19 0.507031 0.013542 0.017188 0.027083
19 0.360156 0.317708 0.026562 0.089583
13 0.362500 0.290625 0.012500 0.031250
20 0.973437 0.050000 0.031250 0.033333
9 0.375000 0.110000 0.090000 0.220000
9 0.585000 0.090000 0.070000 0.180000