4 0.161354 0.298102 0.129375 0.019722
3 0.161120 0.281204 0.122448 0.008333
13 0.040078 0.219954 0.006927 0.009722
17 0.084557 0.116019 0.007240 0.012037
13 0.222839 0.201574 0.005781 0.011481
17 0.066875 0.212546 0.004063 0.013241
13 0.043958 0.186065 0.006771 0.009167
17 0.063021 0.082083 0.004063 0.007315
13 0.040000 0.149722 0.008542 0.013704
21 0.310156 0.200000 0.046354 0.100000
21 0.198437 0.093981 0.014583 0.015741
46 0.223438 0.155556 0.125000 0.188889
24 0.222656 0.155556 0.126562 0.188889
25 0.166667 0.092593 0.333333 0.185185
28 0.310417 0.206944 0.045833 0.086111
30 0.197396 0.108333 0.017708 0.025926
29 0.222917 0.155093 0.126042 0.189815
31 0.222656 0.155093 0.126562 0.189815