4 0.474141 0.895625 0.379531 0.058333
3 0.473828 0.845833 0.361719 0.022083
2 0.367500 0.790313 0.155312 0.018958
1 0.575078 0.820104 0.161719 0.021458
0 0.368516 0.816667 0.154219 0.022917
12 0.964609 0.181563 0.070156 0.198958
14 0.942187 0.104167 0.009375 0.025000
14 0.939063 0.250000 0.003125 0.033333
14 0.190625 0.287500 0.006250 0.025000
14 0.186719 0.350000 0.014063 0.066667
14 0.939063 0.408333 0.003125 0.050000
14 0.181250 0.433333 0.003125 0.033333
14 0.192188 0.433333 0.003125 0.033333
14 0.189844 0.550000 0.004687 0.133333
14 0.889062 0.675000 0.150000 0.150000
14 0.935156 0.609375 0.010937 0.018750
14 0.970313 0.641667 0.015625 0.041667
14 0.189062 0.650000 0.003125 0.033333
14 0.076563 0.683333 0.003125 0.033333
14 0.175000 0.691667 0.018750 0.016667
20 0.973437 0.050000 0.031250 0.033333
20 0.425781 0.710417 0.039062 0.079167
20 0.346094 0.701042 0.039062 0.031250
20 0.281250 0.721875 0.187500 0.056250
20 0.088281 0.730208 0.176563 0.039583
20 0.446875 0.733333 0.006250 0.033333