4 0.475938 0.895000 0.382813 0.059167
3 0.476953 0.846146 0.370469 0.020208
1 0.577578 0.821667 0.173281 0.020833
2 0.367188 0.790313 0.155000 0.018958
0 0.369063 0.816354 0.154375 0.022708
1 0.570781 0.824375 0.156562 0.020417
12 0.848750 0.272396 0.302500 0.544792
17 0.435156 0.298958 0.029687 0.006250
17 0.389062 0.407292 0.012500 0.018750
17 0.464844 0.459375 0.010937 0.014583
17 0.416406 0.475000 0.023438 0.016667
17 0.447656 0.515625 0.010937 0.014583
17 0.483594 0.544792 0.017188 0.018750
17 0.405469 0.543750 0.010937 0.012500
17 0.467969 0.565625 0.010937 0.014583
14 0.445312 0.271875 0.025000 0.018750
14 0.387500 0.294792 0.075000 0.047917
14 0.471094 0.283333 0.017188 0.008333
14 0.437500 0.301042 0.040625 0.018750
14 0.421094 0.321875 0.026562 0.010417
14 0.464062 0.320833 0.015625 0.008333
14 0.361719 0.340625 0.026562 0.010417
14 0.490625 0.383333 0.021875 0.020833
14 0.389844 0.407292 0.014063 0.022917
14 0.435937 0.415625 0.025000 0.022917
14 0.469531 0.453125 0.023438 0.039583
14 0.417187 0.469792 0.046875 0.043750
14 0.451562 0.507292 0.040625 0.035417
14 0.374219 0.521875 0.023438 0.022917
14 0.473438 0.548958 0.056250 0.052083
14 0.405469 0.544792 0.010937 0.018750
14 0.405469 0.589583 0.026562 0.020833
20 0.973437 0.050000 0.031250 0.033333